891 6
0.629630 0.742038 0.000000 0.000000 -0.126345 1.408333
0.242363 0.188908 0.000000 0.000000 -0.489442 0.000000
0.472826 0.742038 0.000000 0.000000 -0.437007 -0.977252
0.242363 0.742038 0.000000 0.000000 -0.484576 0.000000
0.472826 0.742038 0.000000 2.000000 -0.119886 -1.746796
0.242363 0.188908 0.000000 0.000000 -0.490280 -0.669435
0.472826 0.188908 0.000000 2.000000 -0.124920 0.523357
0.629630 0.742038 1.000000 0.000000 0.420730 0.407926
0.629630 0.188908 1.000000 0.000000 1.006062 -0.130754
0.242363 0.742038 1.000000 0.000000 -0.336334 0.000000
0.242363 0.188908 0.000000 0.000000 -0.489442 -0.361618
0.242363 0.742038 0.000000 0.000000 -0.488854 -0.284663
0.629630 0.188908 0.000000 0.000000 0.395814 1.870059
0.472826 0.188908 0.000000 0.000000 -0.386671 0.000000
0.242363 0.742038 0.000000 0.000000 -0.492378 0.000000
0.629630 0.188908 0.000000 0.000000 -0.113846 -0.130754
0.242363 0.188908 3.000000 2.000000 -0.086664 -1.515933
0.242363 0.188908 1.000000 0.000000 -0.324253 -0.438572
0.242363 0.188908 0.000000 0.000000 -0.489442 0.484880
0.472826 0.742038 2.000000 3.000000 -0.270896 -0.438572
0.242363 0.188908 0.000000 0.000000 -0.488854 0.177063
0.242363 0.188908 1.000000 0.000000 -0.357391 -0.284663
0.629630 0.742038 0.000000 0.000000 0.348330 -0.438572
0.472826 0.188908 0.000000 0.000000 0.831478 -0.900298
0.242363 0.742038 1.000000 0.000000 -0.357391 -1.169638
0.242363 0.188908 0.000000 0.000000 -0.474005 -0.207709
0.629630 0.742038 2.000000 2.000000 4.634417 -0.669435
0.472826 0.742038 0.000000 0.000000 -0.386671 0.946606
0.472826 0.188908 0.000000 0.000000 -0.437007 -0.284663
0.629630 0.742038 0.000000 0.000000 2.402990 -0.592481
0.242363 0.742038 0.000000 0.000000 -0.436671 -0.592481
0.629630 0.188908 0.000000 0.000000 -0.034314 0.000000
0.242363 0.742038 1.000000 5.000000 -0.018709 0.715743
0.242363 0.742038 1.000000 0.000000 -0.488854 -0.361618
0.242363 0.188908 0.000000 0.000000 -0.492378 0.831175
0.242363 0.742038 4.000000 2.000000 -0.016444 -1.900705
0.629630 0.188908 0.000000 0.000000 -0.119131 0.484880
0.242363 0.188908 0.000000 0.000000 -0.501187 0.000000
0.629630 0.188908 1.000000 0.000000 0.467880 -0.361618
0.242363 0.188908 0.000000 0.000000 -0.490280 -0.746389
0.242363 0.742038 0.000000 0.000000 -0.488854 -0.207709
0.242363 0.742038 0.000000 2.000000 -0.424256 -0.207709
0.629630 0.742038 1.000000 1.000000 0.409741 1.331378
0.629630 0.188908 0.000000 0.000000 -0.074583 1.215947
0.472826 0.188908 0.000000 2.000000 0.096646 -2.208522
0.242363 0.188908 0.000000 0.000000 -0.506472 0.407926
0.242363 0.188908 5.000000 2.000000 0.295895 -1.438978
0.472826 0.188908 0.000000 0.000000 -0.386671 0.715743
0.629630 0.188908 0.000000 0.000000 9.667167 0.407926
0.472826 0.188908 0.000000 0.000000 -0.437007 -1.054207
0.472826 0.188908 0.000000 0.000000 -0.345395 0.000000
0.472826 0.742038 0.000000 0.000000 -0.437007 -0.669435
0.472826 0.188908 0.000000 0.000000 -0.437007 -0.823344
0.472826 0.188908 0.000000 0.000000 -0.437007 0.484880
0.242363 0.188908 0.000000 0.000000 -0.457142 -0.053800
0.242363 0.742038 1.000000 0.000000 -0.329287 -0.438572
0.472826 0.188908 0.000000 0.000000 -0.437007 -0.053800
0.629630 0.188908 0.000000 0.000000 0.002348 2.408739
0.242363 0.188908 1.000000 5.000000 -0.018709 0.715743
0.242363 0.742038 0.000000 0.000000 -0.474005 -0.746389
0.242363 0.742038 8.000000 2.000000 0.751946 0.000000
0.242363 0.188908 0.000000 0.000000 -0.502864 0.000000
0.472826 0.188908 0.000000 1.000000 0.016023 -0.130754
0.629630 0.188908 0.000000 0.000000 -0.113846 1.177469
0.629630 0.188908 1.000000 0.000000 0.420730 -0.207709
0.242363 0.742038 0.000000 2.000000 -0.341452 -0.053800
0.242363 0.188908 1.000000 1.000000 -0.331467 -0.746389
0.242363 0.188908 0.000000 0.000000 -0.270141 -0.284663
0.242363 0.742038 0.000000 1.000000 -0.437762 -2.131568
0.472826 0.188908 1.000000 1.000000 -0.119886 1.023561
0.242363 0.188908 2.000000 0.000000 -0.162169 -0.438572
0.242363 0.188908 4.000000 1.000000 0.150674 -1.208115
0.629630 0.188908 0.000000 0.000000 0.946246 1.254424
0.242363 0.188908 0.000000 0.000000 -0.489442 0.000000
0.472826 0.742038 0.000000 0.000000 -0.437007 2.100922
0.472826 0.188908 1.000000 1.000000 0.096646 0.100109
0.629630 0.742038 1.000000 0.000000 0.398582 0.407926
0.242363 0.188908 0.000000 0.000000 -0.492378 0.000000
0.629630 0.188908 0.000000 0.000000 -0.050421 2.177876
0.629630 0.742038 0.000000 0.000000 1.093229 -1.054207
0.242363 0.188908 0.000000 0.000000 0.489104 -0.284663
0.242363 0.188908 8.000000 2.000000 0.751946 0.000000
0.242363 0.188908 0.000000 0.000000 -0.486337 0.000000
0.242363 0.188908 0.000000 0.000000 -0.517631 0.330972
0.472826 0.742038 0.000000 0.000000 -0.370730 -0.515526
0.242363 0.188908 0.000000 0.000000 -0.457478 -0.053800
0.242363 0.188908 0.000000 0.000000 -0.486337 0.000000
0.242363 0.188908 0.000000 0.000000 -0.502949 0.000000
0.242363 0.742038 4.000000 2.000000 -0.018709 -1.823750
0.472826 0.742038 3.000000 0.000000 -0.225593 0.023154
0.629630 0.188908 0.000000 0.000000 -0.133225 1.331378
0.242363 0.188908 0.000000 0.000000 -0.472998 0.000000
0.242363 0.188908 0.000000 0.000000 -0.492545 -0.361618
0.242363 0.742038 0.000000 0.000000 -0.492378 0.000000
0.242363 0.188908 0.000000 0.000000 -0.457142 0.000000
0.629630 0.188908 0.000000 0.000000 -0.089684 0.023154
0.242363 0.188908 0.000000 0.000000 -0.502445 2.254830
0.242363 0.742038 0.000000 0.000000 -0.502949 0.000000
0.242363 0.188908 0.000000 0.000000 -0.489442 -0.823344
0.242363 0.188908 0.000000 0.000000 -0.489442 0.000000
0.629630 0.188908 0.000000 0.000000 0.148912 0.000000
0.629630 0.188908 0.000000 0.000000 -0.648422 0.638789
0.242363 0.188908 1.000000 1.000000 -0.341452 0.000000
0.242363 0.742038 0.000000 1.000000 -0.357391 -0.900298
0.629630 0.742038 0.000000 1.000000 0.518971 -1.054207
0.242363 0.188908 0.000000 0.000000 -0.462679 -0.515526
0.242363 0.188908 0.000000 0.000000 -0.486337 -0.053800
0.242363 0.188908 0.000000 0.000000 -0.489861 -0.053800
0.242363 0.188908 4.000000 1.000000 0.150674 -1.746796
0.242363 0.188908 0.000000 0.000000 -0.474005 0.946606
0.629630 0.188908 1.000000 0.000000 0.497830 1.485287
0.242363 0.188908 0.000000 0.000000 -0.502864 -0.592481
0.472826 0.188908 0.000000 0.000000 -0.386671 1.408333
0.242363 0.188908 1.000000 0.000000 -0.491874 -0.361618
0.472826 0.188908 0.000000 0.000000 -0.386671 -0.515526
0.242363 0.188908 0.000000 0.000000 -0.491874 0.254017
0.472826 0.188908 1.000000 0.000000 -0.225593 -0.053800
0.629630 0.188908 1.000000 0.000000 0.398582 0.100109
0.472826 0.742038 1.000000 0.000000 -0.124920 0.484880
0.242363 0.742038 0.000000 0.000000 -0.473586 0.100109
0.472826 0.742038 1.000000 0.000000 -0.124920 -0.130754
0.629630 0.188908 1.000000 1.000000 0.955306 1.716150
0.242363 0.188908 0.000000 0.000000 -0.489442 0.000000
0.472826 0.188908 0.000000 0.000000 -0.416873 -0.900298
0.629630 0.742038 0.000000 2.000000 2.671118 0.100109
0.629630 0.742038 0.000000 0.000000 -0.044381 -0.823344
0.472826 0.742038 0.000000 0.000000 -0.386671 -0.130754
0.242363 0.742038 0.000000 0.000000 -0.491874 -0.592481
0.242363 0.188908 8.000000 2.000000 0.751946 0.000000
0.242363 0.188908 0.000000 0.000000 -0.492378 0.000000
0.242363 0.188908 0.000000 0.000000 -0.489442 -0.438572
0.242363 0.188908 0.000000 0.000000 -0.488854 1.100515
0.242363 0.742038 2.000000 1.000000 -0.260662 -2.227761
0.629630 0.188908 0.000000 0.000000 0.896497 -0.207709
0.242363 0.742038 3.000000 0.000000 -0.329287 0.254017
0.629630 0.742038 0.000000 0.000000 2.301729 2.177876
0.629630 0.742038 0.000000 2.000000 0.955306 -0.900298
0.242363 0.188908 5.000000 2.000000 0.295895 -2.208522
0.242363 0.188908 1.000000 0.000000 -0.517631 -0.900298
0.242363 0.742038 0.000000 0.000000 -0.496405 -0.515526
0.629630 0.742038 1.000000 2.000000 2.402990 -0.361618
0.242363 0.188908 0.000000 0.000000 -0.162169 0.715743
0.629630 0.742038 1.000000 2.000000 1.767741 -1.208115
0.242363 0.742038 0.000000 0.000000 -0.486337 0.000000
0.242363 0.188908 0.000000 0.000000 -0.491874 0.000000
0.242363 0.742038 1.000000 0.000000 -0.290024 -0.900298
0.472826 0.188908 0.000000 0.000000 -0.437007 0.100109
0.242363 0.188908 0.000000 0.000000 -0.486337 0.000000
0.242363 0.742038 0.000000 5.000000 -0.061999 0.715743
0.242363 0.188908 0.000000 0.000000 -0.489442 -0.592481
0.242363 0.742038 0.000000 1.000000 -0.401017 -2.131568
0.242363 0.188908 0.000000 0.000000 -0.648422 1.485287
0.242363 0.188908 4.000000 1.000000 -0.061999 -2.131568
0.242363 0.742038 0.000000 0.000000 -0.492378 -0.592481
0.242363 0.188908 0.000000 0.000000 0.489104 0.000000
0.242363 0.188908 0.000000 0.000000 -0.480045 0.177063
0.242363 0.188908 0.000000 0.000000 -0.502445 -0.592481
0.242363 0.188908 0.000000 0.000000 -0.496405 0.946606
0.472826 0.742038 1.000000 0.000000 -0.369389 -0.207709
0.472826 0.188908 0.000000 0.000000 -0.386671 -0.515526
0.472826 0.188908 1.000000 0.000000 -0.124920 0.561835
0.242363 0.188908 0.000000 0.000000 -0.457142 -0.130754
0.242363 0.742038 0.000000 0.000000 -0.494391 -0.669435
0.629630 0.188908 0.000000 0.000000 0.066360 -0.130754
0.242363 0.188908 2.000000 0.000000 -0.474005 -0.284663
0.242363 0.742038 1.000000 0.000000 -0.357391 -1.131161
0.472826 0.742038 2.000000 1.000000 -0.104785 -0.438572
0.242363 0.188908 0.000000 0.000000 0.489104 0.000000
0.242363 0.188908 0.000000 0.000000 -0.486337 -1.054207
0.629630 0.188908 0.000000 2.000000 1.632335 2.177876
0.629630 0.742038 0.000000 0.000000 9.667167 0.407926
0.242363 0.742038 4.000000 2.000000 -0.018709 -2.131568
0.629630 0.742038 0.000000 0.000000 1.093229 0.023154
0.242363 0.188908 1.000000 1.000000 -0.490280 -0.900298
0.629630 0.742038 0.000000 0.000000 -0.126345 1.485287
0.629630 0.188908 0.000000 0.000000 -0.648422 0.000000
0.242363 0.188908 0.000000 0.000000 -0.492714 0.000000
0.242363 0.188908 0.000000 0.000000 -0.492714 -0.669435
0.242363 0.742038 2.000000 1.000000 -0.260662 -1.900705
0.242363 0.188908 2.000000 0.000000 -0.180290 0.000000
0.629630 0.742038 0.000000 0.000000 0.497830 0.023154
0.472826 0.742038 0.000000 0.000000 -0.437007 0.330972
0.472826 0.188908 2.000000 0.000000 0.831478 -0.669435
0.472826 0.188908 0.000000 0.000000 -0.437007 2.485693
0.629630 0.742038 0.000000 0.000000 3.606793 -0.053800
0.472826 0.188908 0.000000 0.000000 -0.386671 -0.900298
0.242363 0.188908 0.000000 0.000000 -0.486337 0.000000
0.629630 0.742038 2.000000 2.000000 4.634417 -0.900298
0.242363 0.188908 0.000000 0.000000 -0.492378 0.000000
0.629630 0.742038 0.000000 0.000000 -0.090272 1.100515
0.629630 0.188908 0.000000 0.000000 0.358313 0.000000
0.629630 0.188908 0.000000 0.000000 0.066360 1.177469
0.242363 0.742038 0.000000 0.000000 -0.492378 0.000000
0.242363 0.742038 0.000000 0.000000 -0.502949 -1.131161
0.242363 0.742038 1.000000 1.000000 -0.341452 -1.592887
0.629630 0.742038 0.000000 0.000000 0.962353 0.638789
0.472826 0.188908 0.000000 0.000000 -0.648422 0.000000
0.472826 0.742038 0.000000 0.000000 -0.124920 -0.823344
0.242363 0.188908 0.000000 0.000000 -0.486337 -0.400095
0.629630 0.188908 0.000000 0.000000 0.348330 3.178283
0.242363 0.188908 0.000000 0.000000 -0.504962 -0.977252
0.629630 0.742038 2.000000 0.000000 0.388096 1.793104
0.242363 0.188908 0.000000 0.000000 -0.502949 0.000000
0.472826 0.188908 0.000000 0.000000 -0.345479 -0.515526
0.629630 0.188908 1.000000 1.000000 0.409741 0.561835
0.472826 0.742038 0.000000 0.000000 -0.386671 -0.438572
0.629630 0.742038 1.000000 0.000000 0.921244 1.639196
0.472826 0.188908 0.000000 0.000000 -0.386671 -0.361618
0.629630 0.188908 0.000000 0.000000 -0.113846 0.000000
0.242363 0.188908 2.000000 0.000000 -0.488854 0.561835
0.629630 0.742038 0.000000 0.000000 0.887688 0.177063
0.242363 0.188908 4.000000 2.000000 -0.018709 -1.977659
0.242363 0.188908 0.000000 0.000000 -0.502864 -0.092277
0.242363 0.188908 0.000000 0.000000 -0.270141 -1.438978
0.472826 0.188908 1.000000 0.000000 -0.124920 0.177063
0.242363 0.188908 0.000000 0.000000 -0.486337 0.407926
0.242363 0.188908 0.000000 0.000000 -0.510332 0.000000
0.629630 0.742038 1.000000 0.000000 1.544246 -0.977252
0.472826 0.742038 0.000000 2.000000 -0.124920 0.254017
0.629630 0.188908 0.000000 0.000000 -0.113846 2.023967
0.629630 0.188908 0.000000 0.000000 -0.044381 0.000000
0.242363 0.188908 0.000000 0.000000 -0.502949 0.000000
0.629630 0.188908 0.000000 0.000000 -0.034314 1.716150
0.629630 0.188908 1.000000 0.000000 0.398582 0.946606
0.242363 0.188908 1.000000 0.000000 -0.336334 0.000000
0.629630 0.188908 1.000000 0.000000 1.145664 1.485287
0.629630 0.742038 1.000000 0.000000 1.185430 -0.823344
0.629630 0.188908 1.000000 0.000000 0.420730 -0.823344
0.472826 0.742038 1.000000 0.000000 -0.225593 -0.207709
0.629630 0.188908 1.000000 0.000000 1.163700 0.638789
0.472826 0.188908 1.000000 1.000000 -0.124920 -2.131568
0.242363 0.188908 1.000000 0.000000 -0.422074 -1.362024
0.242363 0.188908 0.000000 1.000000 -0.476941 -2.253155
0.472826 0.188908 0.000000 0.000000 -0.386671 0.330972
0.242363 0.188908 0.000000 0.000000 -0.489442 0.638789
0.242363 0.742038 1.000000 0.000000 -0.357308 0.000000
0.242363 0.742038 1.000000 2.000000 -0.176263 0.000000
0.242363 0.742038 0.000000 2.000000 -0.492378 0.000000
0.629630 0.188908 0.000000 2.000000 1.584179 -0.977252
0.242363 0.188908 1.000000 0.000000 -0.502445 -0.592481
0.472826 0.188908 1.000000 1.000000 0.136831 2.331785
0.472826 0.188908 2.000000 1.000000 -0.416873 -0.515526
0.242363 0.188908 0.000000 0.000000 -0.502949 0.023154
0.242363 0.188908 0.000000 0.000000 0.489104 0.177063
0.242363 0.188908 0.000000 1.000000 -0.324253 1.100515
0.242363 0.188908 0.000000 0.000000 -0.488854 0.100109
0.472826 0.742038 0.000000 0.000000 -0.437007 -0.053800
0.472826 0.742038 0.000000 0.000000 -0.386671 0.330972
0.242363 0.742038 1.000000 3.000000 0.043708 1.408333
0.629630 0.742038 1.000000 0.000000 1.163700 0.254017
0.242363 0.188908 0.000000 0.000000 -0.504962 0.869652
0.242363 0.188908 0.000000 0.000000 -0.492378 -0.053800
0.629630 0.188908 1.000000 0.000000 0.939198 0.484880
0.629630 0.188908 1.000000 2.000000 1.767741 -1.438978
0.629630 0.742038 0.000000 1.000000 2.441498 2.177876
0.242363 0.742038 0.000000 0.000000 -0.512513 -0.900298
0.629630 0.188908 2.000000 0.000000 1.163700 1.100515
0.472826 0.742038 0.000000 0.000000 -0.331300 0.792698
0.472826 0.188908 1.000000 1.000000 -0.119886 0.100109
0.242363 0.742038 3.000000 2.000000 -0.086664 -1.592887
0.472826 0.742038 0.000000 1.000000 -0.255795 -1.285070
0.242363 0.188908 1.000000 0.000000 -0.336334 0.000000
0.242363 0.742038 0.000000 0.000000 -0.492378 0.000000
0.472826 0.742038 0.000000 2.000000 -0.356469 -0.438572
0.472826 0.188908 0.000000 0.000000 -0.124920 -0.207709
0.472826 0.188908 0.000000 0.000000 -0.401268 0.254017
0.629630 0.188908 1.000000 0.000000 1.185430 -0.361618
0.629630 0.188908 1.000000 0.000000 0.583318 1.254424
0.242363 0.742038 0.000000 0.000000 -0.357308 -0.977252
0.472826 0.742038 1.000000 0.000000 -0.165189 -0.130754
0.242363 0.188908 0.000000 0.000000 -0.489442 0.000000
0.242363 0.188908 0.000000 0.000000 -0.450180 -0.746389
0.472826 0.188908 0.000000 0.000000 -0.648422 0.000000
0.242363 0.742038 1.000000 0.000000 -0.356469 1.331378
0.242363 0.188908 1.000000 0.000000 -0.335327 0.484880
0.472826 0.188908 0.000000 0.000000 -0.124920 -1.054207
0.472826 0.742038 1.000000 2.000000 -0.089684 -1.900705
0.242363 0.742038 0.000000 0.000000 -0.491874 -0.361618
0.629630 0.742038 1.000000 1.000000 0.955306 0.715743
0.242363 0.188908 0.000000 0.000000 -0.492378 -0.900298
0.242363 0.742038 1.000000 0.000000 -0.457645 0.792698
0.242363 0.188908 0.000000 0.000000 -0.486337 -0.438572
0.242363 0.742038 0.000000 0.000000 -0.450262 -0.900298
0.242363 0.188908 0.000000 0.000000 -0.486337 -0.823344
0.242363 0.742038 4.000000 2.000000 -0.488854 -0.977252
0.242363 0.188908 0.000000 0.000000 -0.457142 0.023154
0.629630 0.188908 0.000000 0.000000 0.946246 -0.438572
0.242363 0.188908 0.000000 0.000000 -0.502949 0.000000
0.629630 0.188908 0.000000 1.000000 4.335332 -0.438572
0.242363 0.188908 0.000000 0.000000 -0.488854 0.715743
0.242363 0.188908 4.000000 1.000000 0.150674 -2.131568
0.242363 0.188908 0.000000 0.000000 -0.491874 -0.669435
0.242363 0.742038 1.000000 6.000000 0.295895 1.023561
0.242363 0.188908 0.000000 0.000000 -0.491456 -0.900298
0.242363 0.188908 0.000000 0.000000 -0.502864 0.000000
0.629630 0.742038 1.000000 0.000000 0.927454 1.870059
0.242363 0.742038 0.000000 0.000000 -0.490280 -1.208115
0.242363 0.742038 0.000000 0.000000 -0.491623 0.000000
0.242363 0.742038 1.000000 1.000000 -0.336334 0.177063
0.242363 0.188908 0.000000 0.000000 -0.492797 0.000000
0.629630 0.742038 3.000000 2.000000 4.647001 -0.515526
0.629630 0.188908 0.000000 1.000000 -0.050421 0.561835
0.242363 0.742038 1.000000 1.000000 -0.424256 -2.208522
0.242363 0.742038 0.000000 0.000000 -0.450347 -0.592481
0.242363 0.188908 0.000000 0.000000 -0.474172 0.254017
0.242363 0.188908 0.000000 0.000000 -0.518553 1.023561
0.472826 0.742038 1.000000 1.000000 -0.185324 -1.977659
0.242363 0.188908 0.000000 0.000000 -0.486337 0.000000
0.629630 0.742038 3.000000 2.000000 4.647001 -0.438572
0.242363 0.188908 1.000000 2.000000 -0.234150 -2.208522
0.242363 0.188908 0.000000 0.000000 -0.356469 0.000000
0.242363 0.188908 1.000000 0.000000 -0.324253 0.000000
0.629630 0.742038 0.000000 0.000000 -0.113846 2.177876
0.242363 0.188908 1.000000 0.000000 -0.492378 0.000000
0.472826 0.742038 0.000000 0.000000 -0.386671 -0.130754
0.242363 0.742038 2.000000 2.000000 0.043708 -1.592887
0.629630 0.742038 0.000000 1.000000 4.335332 1.562241
0.242363 0.188908 0.000000 0.000000 -0.486337 -0.669435
0.629630 0.188908 1.000000 0.000000 0.499256 0.100109
0.242363 0.188908 2.000000 0.000000 -0.488854 -0.130754
0.242363 0.188908 1.000000 0.000000 -0.490280 -0.284663
0.242363 0.188908 0.000000 0.000000 -0.478620 -0.669435
0.242363 0.188908 5.000000 2.000000 0.295895 -1.208115
0.242363 0.188908 0.000000 0.000000 -0.488854 -0.669435
0.242363 0.188908 0.000000 0.000000 -0.486337 0.177063
0.472826 0.188908 0.000000 0.000000 -0.437007 -0.823344
0.629630 0.188908 1.000000 2.000000 2.402990 -2.214678
0.629630 0.742038 1.000000 0.000000 2.301729 0.000000
0.242363 0.188908 1.000000 1.000000 -0.341452 0.000000
0.472826 0.188908 1.000000 1.000000 0.091528 -1.669842
0.472826 0.742038 1.000000 1.000000 -0.124920 -2.131568
0.242363 0.188908 0.000000 0.000000 -0.474005 0.254017
0.242363 0.188908 5.000000 2.000000 0.295895 -1.592887
0.242363 0.742038 0.000000 0.000000 -0.488854 -0.515526
0.242363 0.188908 0.000000 0.000000 -0.492378 3.139805
0.472826 0.188908 0.000000 0.000000 -0.386671 0.484880
0.242363 0.188908 0.000000 0.000000 -0.486337 0.000000
0.629630 0.742038 1.000000 1.000000 1.584179 0.715743
0.629630 0.188908 0.000000 0.000000 3.817033 0.000000
0.629630 0.742038 1.000000 0.000000 1.006062 0.000000
0.629630 0.188908 0.000000 0.000000 -0.034314 0.177063
0.242363 0.188908 0.000000 0.000000 -0.474005 -0.977252
0.242363 0.188908 0.000000 0.000000 -0.502949 -0.592481
0.629630 0.188908 1.000000 0.000000 1.032321 1.177469
0.242363 0.188908 0.000000 0.000000 -0.486337 -0.900298
0.242363 0.188908 1.000000 0.000000 -0.488854 -0.746389
0.242363 0.742038 0.000000 2.000000 -0.204955 -1.977659
0.242363 0.188908 0.000000 0.000000 -0.490280 -0.746389
0.629630 0.742038 0.000000 0.000000 -0.024246 0.023154
0.242363 0.188908 0.000000 0.000000 -0.324253 -0.669435
0.472826 0.742038 0.000000 0.000000 -0.386671 0.792698
0.242363 0.188908 1.000000 0.000000 -0.506388 -0.977252
0.242363 0.188908 0.000000 0.000000 -0.489442 0.000000
0.629630 0.188908 0.000000 1.000000 0.599510 2.716556
0.629630 0.742038 1.000000 0.000000 0.866714 2.331785
0.472826 0.188908 1.000000 1.000000 -0.270896 -2.221604
0.472826 0.188908 0.000000 0.000000 -0.648422 0.000000
0.242363 0.188908 0.000000 0.000000 -0.491456 -0.207709
0.472826 0.188908 0.000000 0.000000 -0.386671 -0.207709
0.242363 0.188908 0.000000 0.000000 -0.474005 -0.746389
0.242363 0.188908 0.000000 0.000000 -0.462679 -0.746389
0.242363 0.742038 0.000000 0.000000 -0.494810 0.000000
0.242363 0.188908 0.000000 0.000000 -0.502445 -0.669435
0.242363 0.742038 0.000000 0.000000 -0.489776 0.000000
0.242363 0.188908 0.000000 0.000000 -0.486337 1.100515
0.242363 0.188908 0.000000 2.000000 -0.235157 -1.592887
0.629630 0.188908 0.000000 0.000000 -0.124920 0.000000
0.242363 0.188908 0.000000 0.000000 -0.467209 -0.592481
0.242363 0.188908 0.000000 0.000000 -0.502445 -0.707912
0.242363 0.188908 1.000000 0.000000 -0.290024 -0.361618
0.629630 0.742038 0.000000 0.000000 1.025945 -0.438572
0.472826 0.742038 0.000000 1.000000 -0.124920 1.562241
0.472826 0.742038 1.000000 1.000000 -0.064516 -0.592481
0.472826 0.742038 1.000000 0.000000 -0.042956 -1.208115
0.629630 0.188908 0.000000 0.000000 -0.113846 0.407926
0.629630 0.188908 0.000000 0.000000 -0.113846 2.485693
0.242363 0.188908 0.000000 0.000000 -0.494391 0.946606
0.242363 0.188908 0.000000 0.000000 -0.648422 0.484880
0.629630 0.188908 3.000000 2.000000 4.647001 -0.823344
0.242363 0.188908 0.000000 0.000000 -0.336334 0.000000
0.242363 0.742038 0.000000 1.000000 -0.460162 -0.900298
0.472826 0.188908 1.000000 0.000000 -0.090272 -0.053800
0.242363 0.742038 0.000000 0.000000 -0.470230 -0.438572
0.629630 0.188908 1.000000 1.000000 0.781141 3.101328
0.242363 0.188908 0.000000 0.000000 -0.478116 0.000000
0.242363 0.188908 0.000000 1.000000 -0.479206 0.946606
0.629630 0.742038 1.000000 0.000000 3.932723 -0.900298
0.629630 0.188908 1.000000 1.000000 1.584179 1.485287
0.629630 0.188908 0.000000 0.000000 -0.044381 -0.053800
0.242363 0.188908 4.000000 2.000000 -0.016444 -2.054613
0.629630 0.188908 0.000000 0.000000 -0.113846 0.330972
0.472826 0.188908 1.000000 0.000000 -0.042956 0.215540
0.472826 0.188908 1.000000 1.000000 -0.356469 -2.233917
0.242363 0.742038 0.000000 0.000000 -0.492378 -0.669435
0.242363 0.742038 2.000000 0.000000 -0.285997 -0.900298
0.242363 0.742038 0.000000 0.000000 -0.489776 0.000000
0.629630 0.742038 1.000000 2.000000 1.767741 0.484880
0.629630 0.742038 1.000000 0.000000 2.042579 0.000000
0.242363 0.188908 0.000000 0.000000 -0.489442 -0.053800
0.242363 0.188908 0.000000 0.000000 -0.162169 0.000000
0.242363 0.188908 0.000000 0.000000 -0.491874 -0.284663
0.242363 0.188908 0.000000 0.000000 -0.484157 -0.823344
0.629630 0.188908 0.000000 1.000000 0.907738 1.870059
0.242363 0.742038 1.000000 0.000000 -0.422074 -1.208115
0.242363 0.188908 0.000000 0.000000 -0.486337 0.407926
0.472826 0.188908 0.000000 0.000000 -0.437007 2.793511
0.242363 0.188908 0.000000 0.000000 -0.489442 0.000000
0.242363 0.188908 1.000000 0.000000 -0.329287 -0.130754
0.629630 0.188908 0.000000 0.000000 -0.119131 0.407926
0.242363 0.188908 0.000000 0.000000 -0.489442 0.000000
0.242363 0.188908 0.000000 0.000000 -0.492378 2.716556
0.472826 0.742038 2.000000 1.000000 0.136831 -1.977659
0.472826 0.188908 1.000000 0.000000 -0.124920 0.330972
0.242363 0.188908 0.000000 0.000000 -0.491874 0.100109
0.472826 0.742038 1.000000 1.000000 0.136831 0.792698
0.472826 0.188908 1.000000 0.000000 -0.124920 1.100515
0.629630 0.742038 0.000000 1.000000 0.144885 -1.054207
0.242363 0.188908 0.000000 0.000000 -0.490783 0.000000
0.629630 0.188908 0.000000 1.000000 9.667167 0.484880
0.629630 0.742038 1.000000 0.000000 0.395814 0.000000
0.472826 0.742038 1.000000 2.000000 -0.089684 0.254017
0.242363 0.188908 0.000000 0.000000 -0.357308 0.000000
0.242363 0.188908 0.000000 0.000000 -0.489442 0.177063
0.242363 0.188908 0.000000 0.000000 -0.491874 0.000000
0.242363 0.188908 0.000000 0.000000 -0.489609 -0.284663
0.472826 0.742038 0.000000 0.000000 -0.393718 -0.130754
0.629630 0.188908 0.000000 0.000000 -0.050421 0.000000
0.242363 0.188908 0.000000 0.000000 -0.492378 0.000000
0.242363 0.188908 1.000000 1.000000 -0.502864 -1.131161
0.629630 0.188908 1.000000 1.000000 0.946246 2.331785
0.242363 0.188908 1.000000 1.000000 -0.240694 -1.054207
0.242363 0.188908 0.000000 0.000000 -0.486337 -0.746389
0.242363 0.742038 1.000000 0.000000 -0.336334 0.000000
0.629630 0.188908 0.000000 0.000000 0.205289 0.000000
0.472826 0.742038 1.000000 2.000000 0.188763 -0.592481
0.629630 0.188908 1.000000 0.000000 0.477107 1.562241
0.629630 0.742038 1.000000 0.000000 0.420730 0.254017
0.242363 0.742038 3.000000 1.000000 -0.224083 -2.054613
0.242363 0.188908 0.000000 0.000000 -0.492378 0.000000
0.242363 0.742038 0.000000 0.000000 -0.455380 2.562648
0.242363 0.188908 2.000000 0.000000 -0.285997 -1.054207
0.242363 0.188908 0.000000 2.000000 -0.356469 0.831175
0.242363 0.742038 0.000000 0.000000 -0.490280 0.100109
0.242363 0.742038 1.000000 0.000000 -0.336334 0.000000
0.242363 0.188908 0.000000 0.000000 -0.486337 0.000000
0.242363 0.188908 0.000000 0.000000 -0.457142 -0.130754
0.242363 0.742038 0.000000 2.000000 -0.312172 -0.438572
0.242363 0.188908 0.000000 0.000000 -0.491874 3.409146
0.629630 0.188908 0.000000 0.000000 2.082512 -0.592481
0.629630 0.742038 0.000000 1.000000 0.518971 1.100515
0.472826 0.188908 0.000000 2.000000 -0.064516 -2.221604
0.472826 0.742038 1.000000 1.000000 -0.124920 -0.284663
0.472826 0.188908 0.000000 0.000000 -0.386671 0.715743
0.242363 0.742038 2.000000 2.000000 0.043708 -0.669435
0.629630 0.188908 0.000000 0.000000 0.066360 2.023967
0.242363 0.188908 0.000000 0.000000 -0.489442 0.000000
0.242363 0.188908 0.000000 0.000000 -0.486337 0.000000
0.472826 0.742038 1.000000 0.000000 -0.124920 -0.053800
0.629630 0.742038 0.000000 2.000000 0.781141 0.484880
0.472826 0.742038 0.000000 0.000000 -0.406805 -0.977252
0.242363 0.188908 0.000000 0.000000 -0.492378 0.000000
0.629630 0.742038 1.000000 0.000000 0.398582 0.000000
0.472826 0.188908 0.000000 0.000000 -0.386671 1.562241
0.242363 0.188908 0.000000 0.000000 -0.488854 0.177063
0.242363 0.188908 0.000000 0.000000 -0.502445 0.000000
0.242363 0.188908 0.000000 0.000000 -0.506472 -0.361618
0.472826 0.188908 0.000000 0.000000 -0.386671 -0.438572
0.242363 0.188908 0.000000 0.000000 -0.486337 1.562241
0.242363 0.742038 1.000000 0.000000 -0.490280 -0.823344
0.242363 0.188908 0.000000 0.000000 -0.486337 -1.054207
0.242363 0.188908 0.000000 0.000000 -0.502445 1.331378
0.629630 0.188908 0.000000 0.000000 -0.034314 -0.207709
0.629630 0.188908 1.000000 0.000000 1.494412 1.562241
0.472826 0.742038 1.000000 0.000000 -0.124920 0.946606
0.242363 0.188908 0.000000 0.000000 -0.502864 0.000000
0.472826 0.188908 0.000000 0.000000 -0.386671 -0.361618
0.629630 0.188908 0.000000 0.000000 -0.090272 0.792698
0.242363 0.188908 0.000000 0.000000 -0.502949 0.792698
0.242363 0.742038 0.000000 5.000000 0.150674 0.869652
0.629630 0.188908 0.000000 2.000000 0.999770 -1.977659
0.242363 0.188908 0.000000 0.000000 -0.491456 -0.592481
0.242363 0.188908 0.000000 0.000000 -0.486337 0.023154
0.242363 0.188908 0.000000 0.000000 -0.488854 0.177063
0.472826 0.742038 0.000000 1.000000 -0.255795 0.869652
0.629630 0.742038 1.000000 0.000000 0.499256 -0.977252
0.242363 0.742038 0.000000 3.000000 -0.260662 -0.438572
0.242363 0.188908 0.000000 0.000000 -0.486337 0.061631
0.629630 0.742038 0.000000 0.000000 1.584179 0.000000
0.629630 0.188908 0.000000 2.000000 3.610065 -0.207709
0.472826 0.188908 0.000000 0.000000 -0.437007 3.101328
0.629630 0.188908 0.000000 1.000000 0.907738 -0.669435
0.629630 0.742038 1.000000 0.000000 0.896497 1.485287
0.242363 0.742038 0.000000 0.000000 -0.492630 0.000000
0.242363 0.742038 0.000000 0.000000 -0.492714 -1.054207
0.242363 0.188908 0.000000 0.000000 -0.486337 -0.823344
0.242363 0.742038 1.000000 0.000000 -0.450598 -0.669435
0.629630 0.742038 0.000000 0.000000 1.494412 0.023154
0.242363 0.188908 0.000000 0.000000 -0.492378 0.000000
0.629630 0.188908 0.000000 1.000000 0.627278 -0.515526
0.242363 0.742038 0.000000 4.000000 -0.224083 -0.053800
0.242363 0.742038 1.000000 1.000000 -0.198244 0.000000
0.242363 0.188908 0.000000 0.000000 -0.567631 -0.746389
0.629630 0.742038 1.000000 0.000000 1.163700 0.407926
0.629630 0.742038 0.000000 0.000000 -0.070304 1.562241
0.242363 0.742038 1.000000 0.000000 -0.324253 0.000000
0.629630 0.188908 0.000000 0.000000 0.398582 1.331378
0.242363 0.188908 0.000000 0.000000 -0.497496 0.484880
0.242363 0.188908 0.000000 0.000000 -0.491874 -0.823344
0.472826 0.188908 0.000000 0.000000 -0.386671 -0.823344
0.242363 0.742038 0.000000 2.000000 -0.162169 -1.515933
0.242363 0.188908 0.000000 0.000000 -0.502949 1.215947
0.472826 0.188908 0.000000 0.000000 -0.386671 -0.361618
0.629630 0.742038 0.000000 0.000000 0.746912 -0.438572
0.629630 0.742038 0.000000 0.000000 3.932723 0.638789
0.242363 0.742038 0.000000 0.000000 -0.492714 0.000000
0.242363 0.188908 0.000000 0.000000 -0.486337 0.023154
0.472826 0.742038 0.000000 2.000000 -0.119886 -1.669842
0.242363 0.188908 0.000000 0.000000 -0.488854 0.715743
0.472826 0.188908 0.000000 0.000000 -0.376603 2.254830
0.242363 0.188908 1.000000 0.000000 -0.491874 -0.361618
0.472826 0.742038 0.000000 1.000000 -0.185324 0.330972
0.629630 0.742038 0.000000 1.000000 3.606793 1.023561
0.242363 0.188908 0.000000 0.000000 -0.467209 1.331378
0.242363 0.188908 0.000000 0.000000 -0.486337 0.000000
0.472826 0.742038 1.000000 0.000000 -0.124920 -0.823344
0.472826 0.188908 1.000000 0.000000 -0.104785 0.946606
0.242363 0.188908 1.000000 4.000000 -0.086664 0.792698
0.242363 0.188908 0.000000 0.000000 -0.489442 0.000000
0.629630 0.188908 0.000000 0.000000 -0.113846 1.639196
0.242363 0.188908 0.000000 0.000000 -0.460162 -0.592481
0.242363 0.742038 1.000000 0.000000 -0.285997 0.100109
0.629630 0.188908 0.000000 0.000000 -0.126430 0.000000
0.472826 0.188908 0.000000 0.000000 -0.389188 0.484880
0.242363 0.742038 4.000000 2.000000 -0.018709 -1.592887
0.472826 0.188908 0.000000 0.000000 -0.124920 1.254424
0.242363 0.742038 1.000000 1.000000 -0.235157 0.100109
0.472826 0.188908 1.000000 2.000000 0.188763 -0.361618
0.242363 0.742038 1.000000 0.000000 -0.298078 0.484880
0.242363 0.188908 1.000000 2.000000 -0.234150 -0.284663
0.472826 0.188908 0.000000 0.000000 -0.386671 0.023154
0.629630 0.742038 0.000000 0.000000 2.059694 0.869652
0.242363 0.188908 0.000000 0.000000 -0.502445 0.000000
0.629630 0.188908 0.000000 0.000000 -0.113846 0.000000
0.242363 0.188908 0.000000 0.000000 -0.488854 -0.669435
0.242363 0.188908 0.000000 0.000000 -0.474005 0.000000
0.472826 0.188908 0.000000 0.000000 -0.437007 -0.130754
0.242363 0.188908 0.000000 0.000000 -0.486337 -0.592481
0.242363 0.188908 0.000000 0.000000 -0.502864 0.000000
0.242363 0.188908 0.000000 0.000000 -0.489442 -0.130754
0.242363 0.742038 0.000000 1.000000 -0.357391 1.177469
0.242363 0.188908 0.000000 0.000000 -0.502445 0.023154
0.242363 0.188908 0.000000 0.000000 -0.457142 -0.746389
0.629630 0.188908 0.000000 0.000000 0.056292 0.000000
0.242363 0.188908 0.000000 0.000000 -0.489442 -0.284663
0.472826 0.188908 1.000000 0.000000 -0.124920 1.870059
0.242363 0.188908 0.000000 0.000000 -0.491456 -0.130754
0.472826 0.188908 0.000000 0.000000 -0.124920 0.715743
0.242363 0.188908 0.000000 0.000000 -0.492378 1.639196
0.629630 0.742038 0.000000 0.000000 1.093229 0.254017
0.242363 0.188908 4.000000 1.000000 0.150674 -2.208522
0.242363 0.742038 0.000000 0.000000 -0.502864 -1.285070
0.472826 0.742038 0.000000 1.000000 0.016023 -1.823750
0.242363 0.188908 0.000000 0.000000 -0.324253 -0.092277
0.629630 0.188908 0.000000 0.000000 0.299922 -0.130754
0.629630 0.742038 1.000000 1.000000 2.671118 1.177469
0.629630 0.188908 0.000000 0.000000 -0.090272 0.000000
0.472826 0.188908 0.000000 0.000000 -0.437007 0.177063
0.242363 0.188908 0.000000 0.000000 -0.504962 0.407926
0.242363 0.188908 0.000000 0.000000 -0.508486 0.000000
0.242363 0.188908 1.000000 0.000000 -0.162169 0.000000
0.629630 0.742038 1.000000 0.000000 0.477107 0.715743
0.242363 0.188908 0.000000 0.000000 -0.504626 -0.438572
0.472826 0.742038 0.000000 0.000000 -0.386671 0.023154
0.629630 0.742038 1.000000 0.000000 0.786845 0.638789
0.472826 0.188908 0.000000 0.000000 -0.124920 1.870059
0.629630 0.742038 0.000000 2.000000 0.348245 -0.592481
0.472826 0.188908 1.000000 0.000000 -0.165189 0.023154
0.242363 0.188908 0.000000 0.000000 -0.489442 0.000000
0.242363 0.188908 4.000000 1.000000 -0.061999 -1.977659
0.472826 0.742038 0.000000 2.000000 -0.386671 -0.900298
0.472826 0.188908 0.000000 0.000000 -0.386671 0.100109
0.629630 0.188908 0.000000 0.000000 -0.113846 1.408333
0.242363 0.188908 0.000000 0.000000 -0.457142 -0.438572
0.242363 0.742038 1.000000 1.000000 -0.358482 -0.130754
0.242363 0.742038 0.000000 0.000000 -0.490280 -0.284663
0.242363 0.742038 0.000000 0.000000 -0.502445 -0.592481
0.242363 0.188908 0.000000 0.000000 -0.502864 0.000000
0.242363 0.742038 0.000000 0.000000 -0.497496 -0.900298
0.629630 0.188908 1.000000 4.000000 4.647001 2.639602
0.472826 0.742038 0.000000 1.000000 -0.185324 -0.900298
0.472826 0.188908 0.000000 0.000000 -0.396235 1.639196
0.242363 0.188908 0.000000 0.000000 -0.492378 0.177063
0.629630 0.742038 1.000000 0.000000 0.148912 1.408333
0.242363 0.188908 0.000000 0.000000 -0.492378 0.000000
0.242363 0.742038 3.000000 1.000000 -0.135658 0.000000
0.242363 0.188908 0.000000 0.000000 -0.512513 -0.823344
0.472826 0.742038 0.000000 0.000000 -0.437007 1.562241
0.242363 0.188908 0.000000 0.000000 -0.491874 -1.054207
0.242363 0.188908 0.000000 0.000000 -0.489442 0.254017
0.472826 0.188908 0.000000 0.000000 -0.386671 -0.515526
0.242363 0.742038 0.000000 0.000000 -0.492378 -1.054207
0.472826 0.742038 1.000000 1.000000 -0.119886 1.177469
0.242363 0.188908 0.000000 0.000000 -0.506472 -0.746389
0.629630 0.742038 0.000000 0.000000 3.932723 0.946606
0.629630 0.188908 0.000000 0.000000 -0.030371 2.023967
0.242363 0.742038 0.000000 2.000000 -0.198244 0.000000
0.629630 0.188908 0.000000 0.000000 -0.024246 0.000000
0.472826 0.188908 1.000000 1.000000 -0.270896 -2.054613
0.242363 0.188908 0.000000 0.000000 -0.506388 1.639196
0.472826 0.742038 0.000000 0.000000 -0.386671 0.215540
0.242363 0.188908 0.000000 0.000000 -0.462846 -1.054207
0.242363 0.188908 0.000000 0.000000 -0.491371 -0.669435
0.629630 0.742038 1.000000 0.000000 0.921244 2.562648
0.242363 0.742038 8.000000 2.000000 0.751946 0.000000
0.472826 0.188908 0.000000 0.000000 -0.386671 -0.130754
0.629630 0.742038 0.000000 0.000000 0.946246 0.000000
0.242363 0.188908 4.000000 2.000000 -0.016444 -1.592887
0.242363 0.742038 1.000000 0.000000 -0.324253 -0.284663
0.242363 0.742038 0.000000 0.000000 -0.492378 0.000000
0.242363 0.188908 0.000000 0.000000 -0.491874 -0.900298
0.242363 0.742038 1.000000 0.000000 -0.357391 0.000000
0.629630 0.742038 1.000000 0.000000 1.032321 0.407926
0.242363 0.188908 0.000000 0.000000 -0.522832 2.408739
0.472826 0.742038 0.000000 0.000000 -0.437007 1.562241
0.242363 0.188908 0.000000 0.000000 -0.506472 0.638789
0.242363 0.188908 0.000000 0.000000 -0.474005 -0.977252
0.242363 0.742038 1.000000 4.000000 -0.086664 1.177469
0.472826 0.188908 1.000000 1.000000 0.091528 -0.823344
0.242363 0.188908 1.000000 0.000000 -0.329287 0.177063
0.242363 0.188908 0.000000 0.000000 -0.474005 -0.977252
0.242363 0.188908 1.000000 1.000000 -0.336334 0.792698
0.242363 0.188908 8.000000 2.000000 0.751946 0.000000
0.472826 0.742038 1.000000 2.000000 0.660333 1.408333
0.242363 0.188908 0.000000 0.000000 -0.502864 0.023154
0.242363 0.188908 0.000000 0.000000 -0.356469 -0.823344
0.242363 0.742038 0.000000 0.000000 -0.397241 0.023154
0.472826 0.742038 0.000000 0.000000 -0.437007 -0.207709
0.629630 0.188908 0.000000 0.000000 -0.648422 0.715743
0.242363 0.742038 1.000000 1.000000 -0.162169 0.023154
0.242363 0.742038 3.000000 1.000000 -0.135658 0.000000
0.242363 0.188908 0.000000 0.000000 -0.443636 -0.823344
0.242363 0.742038 0.000000 0.000000 -0.489442 -0.130754
0.629630 0.742038 0.000000 0.000000 0.939198 -0.284663
0.242363 0.188908 0.000000 0.000000 -0.485079 0.000000
0.242363 0.188908 8.000000 2.000000 0.751946 0.000000
0.472826 0.742038 1.000000 0.000000 -0.124920 -0.053800
0.242363 0.188908 0.000000 0.000000 -0.491456 -0.669435
0.472826 0.188908 1.000000 0.000000 -0.416873 -0.669435
0.629630 0.188908 0.000000 0.000000 -0.044381 -0.284663
0.242363 0.742038 1.000000 1.000000 -0.437762 -0.053800
0.242363 0.188908 0.000000 0.000000 -0.491456 -0.438572
0.629630 0.188908 0.000000 0.000000 0.398582 0.000000
0.242363 0.188908 0.000000 0.000000 -0.648422 -0.361618
0.242363 0.742038 0.000000 0.000000 -0.489776 -0.823344
0.242363 0.742038 1.000000 0.000000 -0.450598 -0.746389
0.242363 0.742038 3.000000 1.000000 -0.224083 -1.669842
0.472826 0.742038 0.000000 0.000000 -0.225593 0.407926
0.242363 0.188908 1.000000 0.000000 -0.357391 -0.207709
0.242363 0.188908 0.000000 0.000000 0.489104 -0.130754
0.629630 0.742038 1.000000 0.000000 0.927454 1.716150
0.629630 0.188908 0.000000 0.000000 0.368295 0.100109
0.472826 0.742038 0.000000 0.000000 0.016023 0.000000
0.629630 0.742038 0.000000 0.000000 1.234172 0.023154
0.242363 0.742038 0.000000 0.000000 -0.492378 0.000000
0.242363 0.188908 0.000000 0.000000 -0.506472 0.000000
0.242363 0.742038 1.000000 0.000000 -0.162169 0.000000
0.629630 0.742038 0.000000 2.000000 -0.119216 -0.823344
0.242363 0.742038 2.000000 0.000000 -0.180290 0.000000
0.242363 0.188908 0.000000 0.000000 -0.486337 1.639196
0.242363 0.742038 0.000000 0.000000 -0.489776 0.000000
0.242363 0.188908 0.000000 0.000000 -0.489442 -0.592481
0.629630 0.188908 0.000000 0.000000 0.066360 0.000000
0.242363 0.188908 1.000000 1.000000 -0.424256 -1.977659
0.242363 0.188908 0.000000 0.000000 -0.502445 -0.361618
0.242363 0.188908 0.000000 0.000000 -0.507982 -0.207709
0.242363 0.188908 2.000000 0.000000 -0.211918 0.000000
0.242363 0.742038 0.000000 0.000000 -0.491874 -0.900298
0.629630 0.188908 0.000000 0.000000 -0.547748 0.254017
0.242363 0.742038 3.000000 2.000000 -0.086664 -2.131568
0.629630 0.188908 0.000000 0.000000 -0.124920 2.639602
0.242363 0.188908 1.000000 0.000000 -0.506557 -0.053800
0.472826 0.188908 0.000000 0.000000 -0.369305 0.000000
0.242363 0.188908 3.000000 2.000000 -0.086664 -1.977659
0.472826 0.188908 0.000000 0.000000 -0.648422 0.000000
0.242363 0.188908 0.000000 0.000000 -0.489442 0.000000
0.242363 0.188908 0.000000 0.000000 -0.474005 -0.669435
0.472826 0.742038 0.000000 0.000000 -0.399758 0.023154
0.242363 0.188908 1.000000 0.000000 -0.246398 0.000000
0.242363 0.742038 0.000000 1.000000 -0.378281 -1.977659
0.472826 0.188908 0.000000 0.000000 -0.437007 -0.438572
0.242363 0.188908 0.000000 0.000000 -0.489442 0.000000
0.629630 0.188908 0.000000 0.000000 3.932723 0.000000
0.629630 0.188908 0.000000 0.000000 0.126764 1.331378
0.242363 0.188908 1.000000 1.000000 -0.241449 -0.900298
0.242363 0.188908 0.000000 0.000000 -0.506472 -0.361618
0.472826 0.742038 0.000000 0.000000 -0.399758 0.000000
0.242363 0.188908 4.000000 1.000000 -0.061999 -1.669842
0.629630 0.742038 0.000000 1.000000 3.606793 -1.131161
0.472826 0.188908 0.000000 0.000000 -0.437007 0.023154
0.242363 0.188908 1.000000 2.000000 -0.176263 0.000000
0.242363 0.188908 0.000000 0.000000 -0.502864 -0.477049
0.472826 0.188908 0.000000 0.000000 -0.386671 0.330972
0.242363 0.188908 0.000000 0.000000 -0.489442 0.000000
0.629630 0.742038 0.000000 0.000000 2.082512 0.484880
0.472826 0.742038 0.000000 0.000000 -0.386671 -0.438572
0.472826 0.188908 1.000000 2.000000 -0.089684 0.484880
0.629630 0.188908 1.000000 0.000000 0.420730 0.561835
0.629630 0.188908 0.000000 0.000000 -0.113846 1.177469
0.242363 0.188908 0.000000 0.000000 -0.486337 1.100515
0.242363 0.188908 0.000000 0.000000 -0.489442 -0.823344
0.242363 0.188908 0.000000 0.000000 -0.489442 -0.284663
0.242363 0.188908 0.000000 0.000000 -0.502445 -0.592481
0.242363 0.188908 2.000000 0.000000 -0.364355 0.869652
0.629630 0.742038 1.000000 1.000000 1.025945 0.715743
0.242363 0.742038 0.000000 1.000000 -0.397241 -0.207709
0.629630 0.188908 1.000000 0.000000 1.544246 -0.900298
0.472826 0.188908 0.000000 0.000000 -0.386671 0.330972
0.242363 0.188908 0.000000 0.000000 -0.491874 -0.053800
0.472826 0.188908 1.000000 0.000000 -0.225593 0.330972
0.242363 0.188908 0.000000 0.000000 -0.502864 0.000000
0.472826 0.188908 0.000000 0.000000 -0.366536 1.870059
0.472826 0.188908 2.000000 1.000000 0.136831 -2.208522
0.242363 0.188908 0.000000 0.000000 -0.502864 -0.746389
0.242363 0.188908 0.000000 0.000000 -0.356469 0.000000
0.242363 0.188908 0.000000 0.000000 -0.502949 -0.361618
0.629630 0.742038 0.000000 0.000000 2.441498 0.792698
0.472826 0.188908 0.000000 0.000000 -0.399758 2.100922
0.242363 0.742038 3.000000 1.000000 -0.135658 0.000000
0.242363 0.188908 4.000000 1.000000 -0.061999 -1.746796
0.629630 0.188908 0.000000 0.000000 -0.044381 3.870872
0.472826 0.188908 0.000000 0.000000 -0.124920 0.407926
0.629630 0.188908 0.000000 0.000000 0.026090 2.408739
0.242363 0.188908 0.000000 0.000000 -0.486337 -0.284663
0.242363 0.188908 0.000000 0.000000 0.489104 0.000000
0.242363 0.188908 0.000000 0.000000 -0.489442 -0.823344
0.242363 0.188908 3.000000 1.000000 -0.135658 0.000000
0.472826 0.742038 0.000000 0.000000 -0.386671 0.484880
0.472826 0.742038 0.000000 0.000000 -0.376603 1.177469
0.242363 0.742038 0.000000 0.000000 -0.492378 0.000000
0.242363 0.188908 0.000000 0.000000 -0.502445 0.000000
0.472826 0.742038 0.000000 1.000000 -0.124920 -0.361618
0.629630 0.188908 0.000000 0.000000 -0.113846 2.331785
0.242363 0.188908 4.000000 1.000000 0.150674 -1.054207
0.472826 0.742038 1.000000 2.000000 0.660333 -0.438572
0.472826 0.188908 0.000000 0.000000 -0.648422 0.000000
0.629630 0.188908 0.000000 0.000000 -0.034314 1.947013
0.242363 0.188908 0.000000 0.000000 -0.489442 0.254017
0.242363 0.188908 0.000000 0.000000 -0.486337 1.177469
0.242363 0.188908 0.000000 0.000000 -0.486337 0.330972
0.242363 0.188908 1.000000 1.000000 -0.328280 -1.592887
0.629630 0.188908 0.000000 0.000000 -0.117118 0.484880
0.242363 0.188908 0.000000 0.000000 -0.489442 0.023154
0.472826 0.188908 1.000000 1.000000 -0.124920 -2.054613
0.242363 0.742038 0.000000 2.000000 -0.341452 0.000000
0.472826 0.742038 1.000000 1.000000 0.005956 0.330972
0.629630 0.188908 2.000000 0.000000 2.042579 1.562241
0.472826 0.188908 1.000000 0.000000 -0.225593 0.330972
0.472826 0.188908 0.000000 0.000000 -0.386671 1.716150
0.242363 0.188908 0.000000 0.000000 -0.486337 1.985490
0.472826 0.742038 1.000000 1.000000 -0.119886 0.100109
0.242363 0.742038 1.000000 1.000000 -0.312172 -1.977659
0.629630 0.742038 0.000000 0.000000 2.082512 0.407926
0.629630 0.188908 0.000000 0.000000 0.049330 3.178283
0.242363 0.188908 0.000000 0.000000 -0.506472 -0.438572
0.629630 0.742038 0.000000 1.000000 1.025945 2.023967
0.242363 0.188908 0.000000 0.000000 -0.457142 0.254017
0.242363 0.188908 0.000000 0.000000 -0.490280 0.177063
0.242363 0.188908 1.000000 1.000000 -0.235157 0.254017
0.242363 0.188908 0.000000 0.000000 -0.518805 0.369449
0.242363 0.188908 1.000000 1.000000 -0.502864 -0.977252
0.242363 0.188908 0.000000 0.000000 -0.481304 -0.900298
0.629630 0.188908 0.000000 1.000000 2.441498 0.638789
0.242363 0.188908 0.000000 0.000000 -0.494391 -0.361618
0.629630 0.188908 1.000000 0.000000 0.398582 1.408333
0.242363 0.188908 0.000000 0.000000 -0.486337 0.000000
0.629630 0.188908 0.000000 0.000000 -0.648422 0.792698
0.472826 0.188908 0.000000 0.000000 -0.386671 -0.207709
0.472826 0.188908 0.000000 0.000000 -0.386671 0.946606
0.242363 0.188908 0.000000 0.000000 -0.490280 -0.515526
0.242363 0.188908 0.000000 0.000000 -0.497496 -0.438572
0.242363 0.188908 0.000000 0.000000 -0.488854 -0.746389
0.242363 0.742038 2.000000 1.000000 -0.260662 -2.227761
0.242363 0.742038 0.000000 0.000000 -0.486337 0.000000
0.472826 0.742038 1.000000 3.000000 -0.185324 1.870059
0.242363 0.188908 0.000000 0.000000 -0.486337 0.330972
0.242363 0.188908 1.000000 0.000000 -0.324253 0.023154
0.242363 0.188908 0.000000 0.000000 -0.490280 1.408333
0.629630 0.742038 0.000000 0.000000 0.746912 -0.438572
0.242363 0.188908 0.000000 0.000000 -0.489442 -0.207709
0.472826 0.188908 0.000000 0.000000 -0.376603 1.716150
0.629630 0.742038 1.000000 0.000000 0.692549 -0.592481
0.629630 0.742038 1.000000 0.000000 1.145664 0.000000
0.242363 0.188908 0.000000 0.000000 -0.648422 -0.823344
0.472826 0.742038 0.000000 0.000000 -0.386671 0.177063
0.472826 0.188908 0.000000 0.000000 -0.346401 1.331378
0.242363 0.188908 1.000000 1.000000 -0.328280 -2.054613
0.242363 0.188908 0.000000 0.000000 -0.504962 -0.592481
0.629630 0.188908 0.000000 0.000000 -0.030371 0.000000
0.242363 0.188908 0.000000 0.000000 -0.486337 0.000000
0.242363 0.188908 0.000000 1.000000 -0.397241 -1.823750
0.472826 0.188908 2.000000 0.000000 0.831478 -0.438572
0.472826 0.188908 0.000000 0.000000 -0.437007 0.407926
0.242363 0.188908 0.000000 0.000000 -0.492630 0.000000
0.472826 0.188908 0.000000 0.000000 -0.386671 0.023154
0.472826 0.188908 0.000000 0.000000 -0.386671 0.946606
0.242363 0.188908 0.000000 0.000000 -0.496405 0.000000
0.629630 0.742038 0.000000 1.000000 0.458986 0.000000
0.242363 0.188908 1.000000 1.000000 -0.162169 0.484880
0.242363 0.188908 0.000000 0.000000 0.489104 0.177063
0.629630 0.188908 0.000000 1.000000 0.587429 1.639196
0.629630 0.742038 0.000000 1.000000 0.458986 -0.592481
0.242363 0.742038 0.000000 2.000000 -0.331467 -2.208522
0.242363 0.742038 1.000000 1.000000 -0.240694 0.407926
0.242363 0.188908 0.000000 0.000000 -0.492378 0.000000
0.629630 0.188908 0.000000 0.000000 -0.119131 0.946606
0.242363 0.742038 0.000000 0.000000 -0.397241 -1.900705
0.242363 0.742038 0.000000 0.000000 -0.486756 -1.131161
0.242363 0.188908 1.000000 1.000000 -0.358482 0.330972
0.472826 0.188908 2.000000 0.000000 0.831478 0.177063
0.242363 0.188908 0.000000 0.000000 -0.457142 -1.054207
0.242363 0.188908 0.000000 0.000000 -0.474005 0.638789
0.242363 0.188908 0.000000 0.000000 -0.489442 0.000000
0.242363 0.742038 0.000000 0.000000 -0.502864 0.000000
0.242363 0.742038 1.000000 5.000000 -0.016444 0.638789
0.242363 0.188908 0.000000 0.000000 -0.492378 0.000000
0.629630 0.188908 0.000000 0.000000 -0.090272 0.000000
0.472826 0.742038 0.000000 0.000000 -0.326267 1.947013
0.472826 0.188908 0.000000 0.000000 -0.648422 0.000000
0.629630 0.742038 1.000000 2.000000 2.402990 -2.131568
0.629630 0.188908 1.000000 0.000000 0.409741 0.946606
0.629630 0.188908 1.000000 0.000000 0.692549 -0.053800
0.629630 0.742038 1.000000 1.000000 1.234172 1.716150
0.242363 0.188908 0.000000 0.000000 -0.502949 0.000000
0.242363 0.188908 0.000000 0.000000 -0.486337 -0.592481
0.472826 0.742038 1.000000 2.000000 0.188763 -2.054613
0.242363 0.188908 0.000000 0.000000 -0.344388 0.000000
0.242363 0.742038 8.000000 2.000000 0.751946 0.000000
0.629630 0.188908 0.000000 0.000000 0.036577 1.331378
0.472826 0.742038 1.000000 0.000000 -0.124920 1.100515
0.242363 0.188908 0.000000 0.000000 -0.489442 0.792698
0.242363 0.188908 0.000000 0.000000 -0.486337 0.000000
0.472826 0.742038 0.000000 0.000000 -0.386671 0.484880
0.242363 0.742038 5.000000 2.000000 0.295895 -1.054207
0.242363 0.742038 4.000000 2.000000 -0.018709 -1.438978
0.629630 0.188908 0.000000 0.000000 -0.113846 2.716556
0.629630 0.188908 0.000000 0.000000 -0.648422 0.000000
0.242363 0.742038 1.000000 0.000000 -0.324253 0.000000
0.629630 0.742038 0.000000 0.000000 0.921244 -0.669435
0.242363 0.742038 0.000000 0.000000 -0.490783 0.000000
0.472826 0.188908 1.000000 0.000000 -0.124920 -0.361618
0.242363 0.742038 0.000000 0.000000 -0.492378 0.000000
0.629630 0.188908 0.000000 0.000000 -0.024246 0.792698
0.472826 0.742038 1.000000 0.000000 -0.124920 -0.438572
0.629630 0.742038 1.000000 0.000000 0.547579 1.870059
0.242363 0.188908 0.000000 0.000000 -0.489442 -0.130754
0.242363 0.742038 0.000000 0.000000 -0.474005 0.023154
0.629630 0.742038 0.000000 0.000000 0.962353 2.485693
0.629630 0.742038 1.000000 1.000000 2.059694 0.792698
0.242363 0.188908 3.000000 1.000000 -0.224083 -2.131568
0.629630 0.742038 1.000000 0.000000 1.632335 -0.515526
0.242363 0.742038 0.000000 0.000000 -0.492378 -0.592481
0.242363 0.188908 1.000000 3.000000 0.043708 -1.054207
0.242363 0.188908 0.000000 0.000000 -0.496993 -0.592481
0.242363 0.742038 0.000000 0.000000 -0.455380 0.561835
0.242363 0.188908 0.000000 0.000000 -0.489442 -0.515526
0.629630 0.742038 1.000000 0.000000 1.632335 0.100109
0.472826 0.742038 1.000000 1.000000 -0.044381 -0.361618
0.472826 0.188908 0.000000 0.000000 -0.376603 -0.130754
0.472826 0.188908 0.000000 0.000000 -0.437007 -0.515526
0.242363 0.188908 0.000000 0.000000 -0.486337 1.023561
0.242363 0.188908 1.000000 0.000000 -0.246398 0.000000
0.629630 0.188908 0.000000 0.000000 -0.113846 2.485693
0.242363 0.188908 0.000000 0.000000 -0.492881 0.000000
0.472826 0.742038 0.000000 0.000000 -0.386671 0.638789
0.242363 0.742038 0.000000 2.000000 -0.241449 0.869652
0.242363 0.742038 0.000000 0.000000 -0.492378 1.177469
0.472826 0.188908 0.000000 0.000000 -0.386671 0.023154
0.242363 0.188908 0.000000 0.000000 -0.490280 -0.130754
0.629630 0.188908 1.000000 2.000000 1.767741 0.484880
0.242363 0.188908 0.000000 0.000000 -0.194888 -0.130754
0.242363 0.188908 0.000000 0.000000 -0.492378 0.100109
0.629630 0.188908 0.000000 0.000000 0.159483 0.484880
0.242363 0.188908 0.000000 0.000000 -0.507982 1.177469
0.472826 0.188908 0.000000 0.000000 -0.416873 -0.900298
0.242363 0.188908 0.000000 0.000000 -0.489442 0.407926
0.629630 0.188908 1.000000 0.000000 0.896497 1.408333
0.242363 0.188908 0.000000 0.000000 -0.494391 -0.823344
0.242363 0.742038 0.000000 0.000000 -0.492378 0.061631
0.472826 0.188908 0.000000 0.000000 0.831478 -0.669435
0.242363 0.742038 0.000000 0.000000 -0.496405 0.000000
0.242363 0.188908 0.000000 0.000000 -0.486337 -0.669435
